Nota, duracao, nota, duracao, nota...
67,125,67,125,67,125,67,125,67,125,67,125,67,125,67,125,67,125,67,125,67,125,67,125,55,125,57,125,58,125,60,125,62,125,63,125,62,125,67,125,67,125,58,125,67,125,67,125,55,125,67,125,67,125,67,125,
67,125,67,125,67,125,67,125,67,125,67,125,67,125,67,125,55,125,57,125,58,125,60,125,62,125,63,125,62,125,67,125,67,125,58,125,67,125,67,125,55,125,67,125,67,125,67,125,67,125,67,125,67,125,67,125,67,125,67,125,
67,125,67,125,60,125,67,125,69,125,67,125,69,125,67,125,69,125,67,125,69,125,61,125,69,125,67,125,62,125,67,125,70,125,67,125,70,125,67,125,62,125,66,125,69,125,66,125,69,125,66,125,55,125,67,125,79,125,67,125,
79,125,67,125,79,125,67,125,79,125,67,125,79,125,67,125,55,125,57,125,58,125,60,125,62,125,63,125,62,125,67,125,79,125,58,125,67,125,79,125,55,125,67,125,79,125,67,125,79,125,67,125,79,125,67,125,
79,125,67,125,79,125,67,125,55,125,57,125,58,125,60,125,62,125,63,125,62,125,67,125,79,125,58,125,67,125,79,125,55,125,67,125,79,125,67,125,79,125,67,125,79,125,67,125,79,125,67,125,79,125,67,125,60,125,67,125,
69,125,67,125,69,125,67,125,69,125,67,125,69,125,67,125,69,125,67,125,61,125,67,125,70,125,67,125,70,125,67,125,70,125,67,125,70,125,61,125,61,125,61,125,62,125,66,125,67,125,69,125,70,125,73,125,
74,125,62,125,62,125,81,125,62,125,62,125,82,250,62,125,70,125,62,125,70,125,81,125,62,125,70,125,79,250,62,125,70,125,81,125,66,125,67,125,69,125,70,125,73,125,74,125,62,125,62,125,81,125,62,125,62,125,82,250,
62,125,70,125,62,125,70,125,79,125,70,125,62,125,70,125,62,125,86,125,66,125,67,125,69,125,70,125,73,125,74,125,57,125,66,125,57,125,66,125,57,125,57,125,66,125,57,125,66,125,57,125,66,125,57,125,
66,125,57,125,74,125,57,125,66,125,74,125,55,125,65,125,55,125,65,125,55,125,65,125,55,125,65,125,79,125,55,125,65,125,79,250,63,125,72,125,63,125,72,125,75,125,60,125,60,125,72,125,63,125,63,125,77,250,62,125,
65,125,62,125,65,125,60,125,63,125,60,125,67,125,60,125,60,125,70,125,60,125,62,125,63,125,65,125,66,125,65,125,64,125,63,125,70,125,60,125,59,125,75,125,58,125,66,125,58,125,66,125,58,125,67,125,
67,125,67,125,69,125,63,125,58,125,72,125,60,125,62,125,70,125,65,125,66,125,65,125,64,125,63,125,70,125,60,125,59,125,75,125,58,125,66,1255,58,125,66,125,58,125,67,125,67,125,67,125,69,125,63,125,58,125,72,125,
60,125,62,125,70,125,65,125,66,125,65,125,64,125,63,125,82,125,60,125,59,125,86,125,62,125,64,125,66,125,67,125,68,125,69,125,68,125,67,125,81,125,64,125,62,125,82,125,67,125,69,125,70,125,67,125,
65,125,63,125,63,125,65,125,79,125,63,125,62,125,79,250,62,125,63,125,62,125,60,125,78,250,62,125,61,125,58,125,57,125


730 notas
notas:
67, 67, 67, 67, 67, 67, 67, 67, 67, 67, 67, 67, 55, 57, 58, 60, 62, 63, 62, 67, 67, 58, 67, 67, 55, 67, 67, 67, 67, 67, 67, 67, 67, 67, 67, 67, 55, 57, 58, 60, 62, 63, 62, 67,
67, 58, 67, 67, 55, 67, 67, 67, 67, 67, 67, 67, 67, 67, 67, 67, 60, 67, 69, 67, 69, 67, 69, 67, 69, 61, 69, 67, 62, 67, 70, 67, 70, 67, 62, 66, 69, 66, 69, 66, 55, 67, 79, 67,
79, 67, 79, 67, 79, 67, 79, 67, 55, 57, 58, 60, 62, 63, 62, 67, 79, 58, 67, 79, 55, 67, 79, 67, 79, 67, 79, 67, 79, 67, 79, 67, 55, 57, 58, 60, 62, 63, 62, 67, 79, 58, 67, 79,
55, 67, 79, 67, 79, 67, 79, 67, 79, 67, 79, 67, 60, 67, 69, 67, 69, 67, 69, 67, 69, 67, 69, 67, 61, 67, 70, 67, 70, 67, 70, 67, 70, 61, 61, 61, 62, 66, 67, 69, 70, 73, 74, 62,
62, 81, 62, 62, 82, 62, 70, 62, 70, 81, 62, 70, 79, 62, 70, 81, 66, 67, 69, 70, 73, 74, 62, 62, 81, 62, 62, 82, 62, 70, 62, 70, 79, 70, 62, 70, 62, 86, 66, 67, 69, 70, 73, 74,
57, 66, 57, 66, 57, 57, 66, 57, 66, 57, 66, 57, 66, 57, 74, 57, 66, 74, 55, 65, 55, 65, 55, 65, 55, 65, 79, 55, 65, 79, 63, 72, 63, 72, 75, 60, 60, 72, 63, 63, 77, 62, 65, 62,
65, 60, 63, 60, 67, 60, 60, 70, 60, 62, 63, 65, 66, 65, 64, 63, 70, 60, 59, 75, 58, 66, 58, 66, 58, 67, 67, 67, 69, 63, 58, 72, 60, 62, 70, 65, 66, 65, 64, 63, 70, 60, 59, 75,
58, 66, 58, 66, 58, 67, 67, 67, 69, 63, 58, 72, 60, 62, 70, 65, 66, 65, 64, 63, 82, 60, 59, 86, 62, 64, 66, 67, 68, 69, 68, 67, 81, 64, 62, 82, 67, 69, 70, 67, 65, 63, 63, 65,
79, 63, 62, 79, 62, 63, 62, 60, 78, 62, 61, 58, 57

duracao:
125, 125, 125, 125, 125, 125, 125, 125, 125, 125, 125, 125, 125, 125, 125, 125, 125, 125, 125, 125, 125, 125, 125, 125, 125, 125, 125, 125, 125, 125, 125, 125, 125, 125, 125,
125, 125, 125, 125, 125, 125, 125, 125, 125, 125, 125, 125, 125, 125, 125, 125, 125, 125, 125, 125, 125, 125, 125, 125, 125, 125, 125, 125, 125, 125, 125, 125, 125, 125, 125,
125, 125, 125, 125, 125, 125, 125, 125, 125, 125, 125, 125, 125, 125, 125, 125, 125, 125, 125, 125, 125, 125, 125, 125, 125, 125, 125, 125, 125, 125, 125, 125, 125, 125, 125,
125, 125, 125, 125, 125, 125, 125, 125, 125, 125, 125, 125, 125, 125, 125, 125, 125, 125, 125, 125, 125, 125, 125, 125, 125, 125, 125, 125, 125, 125, 125, 125, 125, 125, 125,
125, 125, 125, 125, 125, 125, 125, 125, 125, 125, 125, 125, 125, 125, 125, 125, 125, 125, 125, 125, 125, 125, 125, 125, 125, 125, 125, 125, 125, 125, 125, 125, 125, 125, 125,
125, 125, 125, 125, 125, 250, 125, 125, 125, 125, 125, 125, 125, 250, 125, 125, 125, 125, 125, 125, 125, 125, 125, 125, 125, 125, 125, 125, 250, 125, 125, 125, 125, 125, 125,
125, 125, 125, 125, 125, 125, 125, 125, 125, 125, 125, 125, 125, 125, 125, 125, 125, 125, 125, 125, 125, 125, 125, 125, 125, 125, 125, 125, 125, 125, 125, 125, 125, 125, 125,
125, 125, 125, 125, 250, 125, 125, 125, 125, 125, 125, 125, 125, 125, 125, 250, 125, 125, 125, 125, 125, 125, 125, 125, 125, 125, 125, 125, 125, 125, 125, 125, 125, 125, 125,
125, 125, 125, 125, 125, 125, 125, 125, 125, 125, 125, 125, 125, 125, 125, 125, 125, 125, 125, 125, 125, 125, 125, 125, 125, 125, 125, 125, 125, 125, 125, 125, 125, 125, 125,
125, 125, 125, 125, 125, 125, 125, 125, 125, 125, 125, 125, 125, 125, 125, 125, 125, 125, 125, 125, 125, 125, 125, 125, 125, 125, 125, 125, 125, 125, 125, 125, 125, 125, 125,
125, 125, 125, 125, 125, 250, 125, 125, 125, 125, 250, 125, 125, 125, 125
