Notas (tonalidade e duração)

Piano 1 (288 notas): 
60, 214, 72, 214, 60, 214, 72, 214, 60, 214, 72, 214, 60, 214, 72, 214, 60, 214, 72, 214, 60, 214, 72, 214, 
60, 214, 72, 214, 60, 214, 72, 214, 58, 214, 70, 214, 58, 214, 70, 214, 58, 214, 70, 214, 58, 214, 70, 214, 
53, 214, 65, 214, 53, 214, 65, 214, 55, 214, 67, 214, 55, 214, 67, 214, 60, 214, 72, 214, 60, 214, 72, 214, 
60, 214, 72, 214, 60, 214, 72, 214, 60, 214, 72, 214, 60, 214, 72, 214, 60, 214, 72, 214, 60, 214, 72, 214, 
58, 214, 70, 214, 58, 214, 70, 214, 58, 214, 70, 214, 58, 214, 70, 214, 53, 214, 65, 214, 53, 214, 65, 214, 
55, 214, 67, 214, 55, 214, 67, 214, 48, 214, 60, 214, 55, 214, 60, 214, 48, 214, 60, 214, 55, 214, 60, 214, 
48, 214, 60, 214, 55, 214, 60, 214, 48, 214, 60, 214, 55, 214, 60, 214, 51, 214, 63, 214, 58, 214, 63, 214, 
51, 214, 63, 214, 58, 214, 63, 214, 53, 214, 65, 214, 60, 214, 65, 214, 53, 214, 65, 214, 60, 214, 65, 214, 
48, 214, 60, 214, 55, 214, 60, 214, 48, 214, 60, 214, 55, 214, 60, 214, 48, 214, 60, 214, 55, 214, 60, 214, 
48, 214, 60, 214, 55, 214, 60, 214, 51, 214, 63, 214, 58, 214, 63, 214, 51, 214, 63, 214, 58, 214, 63, 214, 
46, 214, 58, 214, 53, 214, 58, 214, 46, 214, 58, 214, 53, 214, 58, 214, 48, 214, 60, 214, 55, 214, 60, 214, 
48, 214, 60, 214, 55, 214, 60, 214, 48, 214, 60, 214, 55, 214, 60, 214, 48, 214, 60, 214, 55, 214, 60, 214, 
51, 214, 63, 214, 58, 214, 63, 214, 51, 214, 63, 214, 58, 214, 63, 214, 53, 214, 65, 214, 60, 214, 65, 214, 
53, 214, 65, 214, 60, 214, 65, 214, 48, 214, 60, 214, 55, 214, 60, 214, 48, 214, 60, 214, 55, 214, 60, 214, 
48, 214, 60, 214, 55, 214, 60, 214, 48, 214, 60, 214, 55, 214, 60, 214, 51, 214, 63, 214, 58, 214, 63, 214, 
51, 214, 63, 214, 58, 214, 63, 214, 46, 214, 58, 214, 53, 214, 58, 214, 46, 214, 58, 214, 53, 214, 58, 214, 
48, 214, 60, 214, 55, 214, 60, 214, 48, 214, 60, 214, 55, 214, 60, 214, 48, 214, 60, 214, 55, 214, 60, 214, 
48, 214, 60, 214, 55, 214, 60, 214, 51, 214, 63, 214, 58, 214, 63, 214, 51, 214, 63, 214, 58, 214, 63, 214, 
46, 214, 58, 214, 53, 214, 58, 214, 46, 214, 58, 214, 53, 214, 58, 214, 48, 214, 60, 214, 55, 214, 60, 214, 
48, 214, 60, 214, 55, 214, 60, 214, 48, 214, 60, 214, 55, 214, 60, 214, 48, 214, 60, 214, 55, 214, 60, 214, 
51, 214, 63, 214, 58, 214, 63, 214, 51, 214, 63, 214, 58, 214, 63, 214, 46, 214, 58, 214, 53, 214, 58, 214, 
46, 214, 58, 214, 53, 214, 58, 214, 48, 214, 60, 214, 55, 214, 60, 214, 48, 214, 60, 214, 55, 214, 60, 214, 
48, 214, 60, 214, 55, 214, 60, 214, 48, 214, 60, 214, 55, 214, 60, 214, 51, 214, 63, 214, 58, 214, 63, 214, 
51, 214, 63, 214, 58, 214, 63, 214, 46, 214, 58, 214, 53, 214, 58, 214, 46, 214, 58, 214, 53, 214, 58, 214


Piano 2:
silêncio, 20972, 67, 214, silêncio, 642, 67, 214, silêncio, 642, 67, 214, silêncio, 642, 67, 214, silêncio, 642,
70, 214, silêncio, 642, 70, 214, silêncio, 642, 65, 214, silêncio, 642, 65, 214, silêncio, 642, 72, 214, silêncio, 642,
72, 214, silêncio, 642, 72, 214, silêncio, 642, 72, 214, silêncio, 642, 75, 214, silêncio, 642, 75, 214, silêncio, 642,
77, 214, silêncio, 642, 77, 214, silêncio, 642, 72, 214, silêncio, 642, 72, 214, silêncio, 642, 72, 214, silêncio, 642,
72, 214, silêncio, 642, 75, 214, silêncio, 642, 75, 214, silêncio, 642, 70, 214, silêncio, 642, 70, 214, silêncio, 642,
72, 214, silêncio, 642, 72, 214, silêncio, 642, 72, 214, silêncio, 642, 72, 214, silêncio, 642, 75, 214, silêncio, 642,
75, 214, silêncio, 642, 70, 214, silêncio, 642, 70, 214, silêncio, 642, 72, 214, silêncio, 642, 72, 214, silêncio, 642, 
72, 214, silêncio, 642, 72, 214, silêncio, 642, 75, 214, silêncio, 642, 75, 214, silêncio, 642, 70, 214, silêncio, 642,
70, 214, silêncio, 214


Piano 3:
silêncio, 27392, 36, 214, 31, 214, 36, 214, 31, 214, 36, 214, 31, 214, 36, 214, 31, 214, 39, 214, 34, 214, 39, 214, 34, 214,
41, 214, 36, 214, 41, 214, 36, 214, 36, 214, 31, 214, 36, 214, 31, 214, 36, 214, 31, 214, 36, 214, 31, 214, 39, 214, 34, 214,
39, 214, 34, 214, 34, 214, 29, 214, 34, 214, 29, 214, 36, 214, 31, 214, 36, 214, 31, 214, 36, 214, 31, 214, 36, 214, 31, 214, 
39, 214, 34, 214, 39, 214, 34, 214, 34, 214, 29, 214, 34, 214, 29, 214, 36, 214, 31, 214, 36, 214, 31, 214, 36, 214, 31, 214, 
36, 214, 31, 214, 39, 214, 34, 214, 39, 214, 34, 214, 34, 214, 29, 214, 34, 214, 29, 214, silêncio, 214


Cravo 1:
silêncio, 6848, 75, 214, 74, 428, 70, 428, 67, 642, 75, 214, 74, 428, 70, 428, 67, 642, 70, 1712, 72, 1712, 75, 214, 74, 428, 
70, 428, 67, 642, 75, 214, 74, 428, 70, 428, 67, 642, 70, 1712, 72, 1712, 75, 214, 74, 428, 70, 428, 67, 642, 75, 214, 74, 428, 
70, 428, 67, 642, 70, 1712, 72, 1712, 75, 214, 74, 428, 70, 428, 67, 642, 75, 214, 74, 428, 70, 428, 67, 642, 70, 1712, 72, 1712,
75, 214, 74, 428, 70, 428, 67, 642, 75, 214, 74, 428, 70, 428, 67, 642, 70, 1712, 72, 1712, silêncio, 6848, 75, 214, 74, 428, 70, 
428, 67, 642, 75, 214, 74, 428, 70, 428, 67, 642, 70, 1712, 72, 1712


Cravo 2:
silêncio, 20544, 79, 214, 77, 428, 75, 428, 72, 642, 79, 214, 77, 428, 75, 428, 72, 642, 75, 1712, 72, 1712, 79, 214, 77, 428, 75, 
428, 72, 642, 79, 214, 77, 428, 75, 428, 72, 642, 75, 1712, 72, 1712,79, 214, 77, 428, 75, 428, 72, 642, 79, 214, 77, 428, 75, 428, 
72, 642, 75, 1712, 72, 1712, silêncio, 13696


Cravo 3:
silêncio, 27392, 84, 428, 82, 428, 80, 428, 79, 428, 77, 428, 75, 428, 74, 428, 72, 428, 84, 428, 82, 428, 80, 428, 79, 428, 77, 428, 
75, 428, 74, 428, 72, 428, 84, 428, 82, 428, 80, 428, 79, 428, 77, 428, 75, 428, 74, 428, 72, 428, 84, 428, 82, 428, 80, 428, 79, 428, 
77, 428, 75, 428, 74, 428, 72, 428, 84, 428, 82, 428, 80, 428, 79, 428, 77, 428, 75, 428, 74, 428, 72, 428, 84, 428, 82, 428, 80, 428, 
79, 428, 77, 428, 75, 428, 74, 428, 72, 428, 84, 428, 82, 428, 80, 428, 79, 428, 77, 428, 75, 428, 74, 428, 72, 428, 84, 428, 82, 428, 
80, 428, 79, 428, 77, 428, 75, 428, 74, 428, 72, 428


Cravo 4:
silêncio, 41088, 87, 428, 86, 428, 84, 428, 82, 428, 80, 428, 79, 428, 77, 428, 75, 428, 87, 428, 86, 428, 84, 428, 82, 428, 80, 428, 
79, 428, 77, 428, 75, 428, 87, 428, 86, 428, 84, 428, 82, 428, 80, 428, 79, 428, 77, 428, 75, 428, 87, 428, 86, 428, 84, 428, 82, 428, 
80, 428, 79, 428, 77, 428, 75, 428


Bell:
silêncio, 18618, 96, 107, silêncio, 107, 94, 107, silêncio, 321, 92, 107, silêncio, 321, 91, 107, silêncio, 5671, 96, 107, silêncio, 107, 
94, 107, silêncio, 321, 92, 107, silêncio, 321, 91, 107, silêncio, 5671, 96, 107, silêncio, 107, 94, 107, silêncio, 321, 92, 107, silêncio, 
321, 91, 107, silêncio, 5671, 96, 107, silêncio, 107, 94, 107, silêncio, 321, 92, 107, silêncio, 321, 91, 107, silêncio, 5671, 96, 107, 
silêncio, 107, 94, 107, silêncio, 321, 92, 107, silêncio, 321, 91, 107, silêncio, 5671, 96, 107, silêncio, 107, 94, 107, silêncio, 321, 92, 
107, silêncio, 321, 91, 107, silêncio, 749


Bateria/Pedal:
silêncio, 6848, ??, 107, silêncio, 321, ??, 107, silêncio, 321, ??, 107, silêncio, 321, ??, 107, silêncio, 321, ??, 107, silêncio, 321, ??, 107, silêncio, 321, ??, 107, silêncio, 321, ??, 107, 
silêncio, 321, ??, 107, silêncio, 321, ??, 107, silêncio, 321, ??, 107, silêncio, 321, ??, 107, silêncio, 321, ??, 107, silêncio, 321, ??, 107, silêncio, 321, ??, 107, silêncio, 321, ??, 107, 
silêncio, 321, ??, 107, silêncio, 321, ??, 107, silêncio, 321, ??, 107, silêncio, 321, ??, 107, silêncio, 321, ??, 107, silêncio, 321, ??, 107, silêncio, 321, ??, 107, silêncio, 321, ??, 107, 
silêncio, 321, ??, 107, silêncio, 321, ??, 107, silêncio, 321, ??, 107, silêncio, 321, ??, 107, silêncio, 321, ??, 107, silêncio, 321, ??, 107, silêncio, 321, ??, 107, silêncio, 321, ??, 107, 
silêncio, 321, ??, 107, silêncio, 321, ??, 107, silêncio, 321, ??, 107, silêncio, 321, ??, 107, silêncio, 321, ??, 107, silêncio, 321, ??, 107, silêncio, 321, ??, 107, silêncio, 321, ??, 107, 
silêncio, 321, ??, 107, silêncio, 321, ??, 107, silêncio, 321, ??, 107, silêncio, 321, ??, 107, silêncio, 321, ??, 107, silêncio, 321, ??, 107, silêncio, 321, ??, 107, silêncio, 321, ??, 107, 
silêncio, 321, ??, 107, silêncio, 321, ??, 107, silêncio, 321, ??, 107, silêncio, 321, ??, 107, silêncio, 321, ??, 107, silêncio, 321, ??, 107, silêncio, 321, ??, 107, silêncio, 321, ??, 107, 
silêncio, 321, ??, 107, silêncio, 321, ??, 107, silêncio, 321, ??, 107, silêncio, 321, ??, 107, silêncio, 321, ??, 107, silêncio, 321, ??, 107, silêncio, 321, ??, 107, silêncio, 321, ??, 107, 
silêncio, 321, ??, 107, silêncio, 321, ??, 107, silêncio, 321, ??, 107, silêncio, 321, ??, 107, silêncio, 321, ??, 107, silêncio, 321, ??, 107, silêncio, 321, ??, 107, silêncio, 321, ??, 107, 
silêncio, 321, ??, 107, silêncio, 321, ??, 107, silêncio, 321, ??, 107, silêncio, 321, ??, 107, silêncio, 321, ??, 107, silêncio, 321, ??, 107, silêncio, 321, ??, 107, silêncio, 321, ??, 107, 
silêncio, 321, ??, 107, silêncio, 321, ??, 107, silêncio, 321, ??, 107, silêncio, 321, ??, 107, silêncio, 321, ??, 107, silêncio, 321, ??, 107, silêncio, 321, ??, 107, silêncio, 321, ??, 107, 
silêncio, 321, ??, 107, silêncio, 321, ??, 107, silêncio, 321, ??, 107, silêncio, 321, ??, 107, silêncio, 321, ??, 107, silêncio, 321, ??, 107, silêncio, 321, ??, 107, silêncio, 321, ??, 107, 
silêncio, 321, ??, 107, silêncio, 321, ??, 107, silêncio, 321, ??, 107, silêncio, 321, ??, 107, silêncio, 321, ??, 107, silêncio, 321, ??, 107, silêncio, 321, ??, 107, silêncio, 321, ??, 107, 
silêncio, 321, ??, 107, silêncio, 321, ??, 107, silêncio, 321, ??, 107, silêncio, 321, ??, 107, silêncio, 321, ??, 107, silêncio, 321, ??, 107, silêncio, 321, ??, 107, silêncio, 321, ??, 107, 
silêncio, 321


Bateria/Caixa: 
silêncio, 14124, ??, 107, silêncio, 749, ??, 107, silêncio, 749, ??, 107, silêncio, 749, ??, 107, silêncio, 749, ??, 107, silêncio, 749, ??, 107, silêncio, 749, ??, 107, silêncio, 749, ??, 107, 
silêncio, 749, ??, 107, silêncio, 749, ??, 107, silêncio, 749, ??, 107, silêncio, 749, ??, 107, silêncio, 749, ??, 107, silêncio, 749, ??, 107, silêncio, 749, ??, 107, silêncio, 749, ??, 107, 
silêncio, 749, ??, 107, silêncio, 749, ??, 107, silêncio, 749, ??, 107, silêncio, 749, ??, 107, silêncio, 749, ??, 107, silêncio, 749, ??, 107, silêncio, 749, ??, 107, silêncio, 749, ??, 107, 
silêncio, 749, ??, 107, silêncio, 749, ??, 107, silêncio, 749, ??, 107, silêncio, 749, ??, 107, silêncio, 749, ??, 107, silêncio, 749, ??, 107, silêncio, 749, ??, 107, silêncio, 749, ??, 107, 
silêncio, 749, ??, 107, silêncio, 749, ??, 107, silêncio, 749, ??, 107, silêncio, 749, ??, 107, silêncio, 749, ??, 107, silêncio, 749, ??, 107, silêncio, 749, ??, 107, silêncio, 749, ??, 107, 
silêncio, 749, ??, 107, silêncio, 749, ??, 107, silêncio, 749, ??, 107, silêncio, 749, ??, 107, silêncio, 749, ??, 107, silêncio, 749, ??, 107, silêncio, 749, ??, 107, silêncio, 749, ??, 107, 
silêncio, 321


Bateria/Chimbal:
silêncio, 27606, ??, 107, silêncio, 321, ??, 107, silêncio, 321, ??, 107, silêncio, 321, ??, 107, silêncio, 321, ??, 107, silêncio, 321, ??, 107, silêncio, 321, ??, 107, silêncio, 321, ??, 107, 
silêncio, 321, ??, 107, silêncio, 321, ??, 107, silêncio, 321, ??, 107, silêncio, 321, ??, 107, silêncio, 321, ??, 107, silêncio, 321, ??, 107, silêncio, 321, ??, 107, silêncio, 321, ??, 107, 
silêncio, 321, ??, 107, silêncio, 321, ??, 107, silêncio, 321, ??, 107, silêncio, 321, ??, 107, silêncio, 321, ??, 107, silêncio, 321, ??, 107, silêncio, 321, ??, 107, silêncio, 321, ??, 107, 
silêncio, 321, ??, 107, silêncio, 321, ??, 107, silêncio, 321, ??, 107, silêncio, 321, ??, 107, silêncio, 321, ??, 107, silêncio, 321, ??, 107, silêncio, 321, ??, 107, silêncio, 321, ??, 107, 
silêncio, 321, ??, 107, silêncio, 321, ??, 107, silêncio, 321, ??, 107, silêncio, 321, ??, 107, silêncio, 321, ??, 107, silêncio, 321, ??, 107, silêncio, 321, ??, 107, silêncio, 321, ??, 107, 
silêncio, 321, ??, 107, silêncio, 321, ??, 107, silêncio, 321, ??, 107, silêncio, 321, ??, 107, silêncio, 321, ??, 107, silêncio, 321, ??, 107, silêncio, 321, ??, 107, silêncio, 321, ??, 107, 
silêncio, 321, ??, 107, silêncio, 321, ??, 107, silêncio, 321, ??, 107, silêncio, 321, ??, 107, silêncio, 321, ??, 107, silêncio, 321, ??, 107, silêncio, 321, ??, 107, silêncio, 321, ??, 107, 
silêncio, 321, ??, 107, silêncio, 321, ??, 107, silêncio, 321, ??, 107, silêncio, 321, ??, 107, silêncio, 321, ??, 107, silêncio, 321, ??, 107, silêncio, 321, ??, 107, silêncio, 321, ??, 107, 
silêncio, 107